74.5161
1.82537
7.55588
6.0438
0.346946
1.31912
4.09563
1.92513
1.54427
1.82951
3.52034
0.475754
2.52305
4.83998
2.23756
7.12244
6.80367
4.56093
5.00758
3.89031
1.97019
0.749311
1.55278
0.879375
3.32139
11.3515
0.239326
1.3256
3.82099
2.79007
0.910836
1.81123
0.596181
4.44148
1.55485
2.97244
0.943942
0.795405
0.300568
0.713574
3.81461
0.255341
2.21445
0.490678
0.95661
2.57939
7.27921
3.11697
4.93479
11.3758
3.4221
3.67215
2.10181
1.28015
0.944785
1.42293
3.30382
8.35489
1.2565
1.7069
0.255496
6.8982
5.80484
2.50341
1.87491
6.72695
1.68666
3.14828
3.24921
10.0148
3.35557
5.74642
2.03158
1.17991
0.35405
2.54513
1.76513
2.54949
1.01852
1.12976
4.21422
5.34863
1.0148
2.37968
1.42627
4.30519
0.0569709
3.38959
0.261392
0.601807
2.95417
1.70274
1.74515
4.72252
1.53559
1.26001
7.40436
3.40823
2.29492
2.98606
2.17425
4.94001
1.01447
1.92715
1.05554
2.70701
1.6508
2.71004
0.86758
1.24819
3.27109
3.7185
2.85163
2.87971
1.10207
1.19572
0.61051
2.63325
1.99907
3.04596
5.45883
6.2607
1.46509
3.77976
3.90435
2.62956
0.104607
2.53628
1.09722
4.40036
1.01814
0.111376
4.38455
0.687858
1.17614
5.14862
5.86869
3.87655
5.79147
2.65021
4.20624
3.40548
1.33279
0.282994
4.35039
0.52248
0.369976
2.39797
3.68471
0.284412
5.71701
1.05405
7.33297
0.999291
1.92478
1.31269
1.79786
1.57421
2.91162
1.65794
2.89137
3.82419
2.90342
0.302481
4.46502
2.15319
2.30251
5.10138
7.73373
1.69754
0.722986
1.73178
3.94733
1.19267
5.06384
1.61132
2.50619
1.94986
6.37651
2.04437
0.855139
3.847
1.48344
0.864984
2.06158
3.56898
0.335324
1.88356
1.25595
6.4359
0.289329
10.9329
3.64388
0.705035
1.3361
0.91271
2.00002
1.6943
5.0827
2.29648
2.75963
1.78873
7.27996
8.67238
0.184169
1.02147
2.6293
2.17596
1.10949
0.579587
8.91842
2.28633
0.930935
3.27206
4.56701
1.85885
5.56626
1.43315
2.3963
5.93495
1.76183
6.56813
4.30821
2.20984
1.71848
4.52898
1.65021
5.37728
3.04668
0.458382
0.0450257
0.49234
0.330173
7.75404
6.46146
0.546522
2.34816
0.20679
1.59522
0.787415
2.69971
9.12569
0.188777
6.68255
3.87077
2.57081
6.22374
1.64133
2.31569
