0.220701
0.166835
0.251812
0.00645015
1.16844
2.15069
0.349618
12.476
2.6298
1.66181
3.86255
0.224839
2.9492
0.475494
0.363072
0.820536
0.661384
3.4284
1.32726
1.03207
1.91602
0.315518
0.531862
3.47675
2.81941
0.957004
0.917948
2.06488
1.44696
0.885224
0.153996
0.568733
0.53895
0.961104
0.205159
1.28908
0.786537
0.899518
1.5473
3.72519
1.58894
1.37367
3.41815
4.06129
3.18244
0.929111
1.1214
2.17257
0.00371165
4.51976
1.24959
1.675
1.01609
1.30116
0.411018
1.39443
2.00071
3.17517
0.0440148
0.563868
0.246276
2.03171
3.94095
0.905517
1.04124
0.54367
0.282684
2.6578
0.858369
0.764128
1.30895
1.97466
0.660361
0.663311
1.56336
0.191121
2.08151
0.117346
2.01244
0.72531
0.627882
3.35093
1.61718
0.803542
2.68161
2.93614
0.158555
3.47657
0.6213
0.316482
0.753485
1.60465
2.01929
0.672532
1.11779
1.76949
2.70756
1.25232
6.24298
0.0438002
0.528496
2.20748
1.91306
0.764152
2.36212
0.396053
0.8755
3.92847
1.18851
3.6862
0.334938
0.511994
4.6813
3.02203
1.13156
2.15574
0.792051
3.91681
0.220176
0.678947
0.931255
0.483742
2.21173
0.157392
1.86302
0.774082
2.37853
2.6902
0.667856
0.00516431
1.18714
0.602163
1.38891
4.98977
3.79394
1.47152
1.52008
2.75099
1.32413
1.25717
0.309689
0.718794
1.98027
1.53732
5.32371
0.483642
1.15585
0.22786
1.87233
0.109111
4.45337
0.538264
0.778395
3.83137
3.73903
2.96563
2.98373
0.803401
1.8383
4.67719
2.068
0.818563
0.527878
2.39268
5.1428
2.03888
0.632733
1.7031
0.481482
0.26381
2.00421
0.266931
3.14235
1.57724
13.9474
0.715994
1.16689
1.53163
0.0834221
1.36014
6.50541
2.40403
0.660324
1.91408
3.48738
5.20226
2.76198
0.261121
0.649396
0.523021
0.534728
1.91901
4.45074
1.54412
5.64035
1.07622
1.19457
0.0161301
0.598309
2.68754
1.51427
2.83021
0.109047
0.444065
0.831201
0.143325
1.49575
0.24744
3.8427
2.00645
0.442973
0.932558
1.21892
0.0644312
0.0788876
4.40551
1.00312
0.323567
2.14814
0.0915028
4.26376
3.33569
1.45078
0.592275
0.397001
6.01447
0.862388
3.3463
1.06862
1.30641
1.35984
0.833826
1.79913
0.232502
2.10866
7.97001
0.450304
4.28926
1.63331
2.34183
0.756233
2.6894
1.01788
2.24408
0.840243
1.224
4.59587
6.07622
0.653718
